################
################
Dimension 5
################
################
Which dimension do you want to study? 5
To which diagnosis eigenvalue do you want to study? 30
01: [2, 12] -- Elapsed time: 15.511 ms
02: [2, 12, 40] -- Elapsed time: 178.456 ms
03: [2, 12, 40, 100] -- Elapsed time: 1.915 ms
04: [2, 12, 40, 100, 210] -- Elapsed time: 2.577 ms
05: [2, 12, 40, 100, 210, 392] -- Elapsed time: 3.65 ms
06: [2, 12, 40, 100, 210, 392, 672] -- Elapsed time: 4.462 ms
07: [2, 12, 40, 100, 210, 392, 672, 1080] -- Elapsed time: 11.836 ms
08: [2, 12, 40, 100, 210, 392, 672, 1080, 1650] -- Elapsed time: 24.004 ms
09: [2, 12, 40, 100, 210, 392, 672, 1080, 1650, 2420] -- Elapsed time: 66.34 ms
10: [2, 12, 40, 100, 210, 392, 672, 1080, 1650, 2420, 3432] -- Elapsed time: 142.643 ms
11: [2, 12, 40, 100, 210, 392, 672, 1080, 1650, 2420, 3432, 4732] -- Elapsed time: 211.938 ms
12: [2, 12, 40, 100, 210, 392, 672, 1080, 1650, 2420, 3432, 4732, 6370] -- Elapsed time: 421.362 ms
13: [2, 12, 40, 100, 210, 392, 672, 1080, 1650, 2420, 3432, 4732, 6370, 8400] -- Elapsed time: 1084.981 ms
14: [2, 12, 40, 100, 210, 392, 672, 1080, 1650, 2420, 3432, 4732, 6370, 8400, 10880] -- Elapsed time: 1219.957 ms
15: [2, 12, 40, 100, 210, 392, 672, 1080, 1650, 2420, 3432, 4732, 6370, 8400, 10880, 13872] -- Elapsed time: 2603.885 ms
16: [2, 12, 40, 100, 210, 392, 672, 1080, 1650, 2420, 3432, 4732, 6370, 8400, 10880, 13872, 17442] -- Elapsed time: 3875.094 ms
17: [2, 12, 40, 100, 210, 392, 672, 1080, 1650, 2420, 3432, 4732, 6370, 8400, 10880, 13872, 17442, 21660] -- Elapsed time: 7394.94 ms
18: [2, 12, 40, 100, 210, 392, 672, 1080, 1650, 2420, 3432, 4732, 6370, 8400, 10880, 13872, 17442, 21660, 26600] -- Elapsed time: 8839.762 ms
19: [2, 12, 40, 100, 210, 392, 672, 1080, 1650, 2420, 3432, 4732, 6370, 8400, 10880, 13872, 17442, 21660, 26600, 32340] -- Elapsed time: 22471.027 ms
20: [2, 12, 40, 100, 210, 392, 672, 1080, 1650, 2420, 3432, 4732, 6370, 8400, 10880, 13872, 17442, 21660, 26600, 32340, 38962] -- Elapsed time: 19138.103 ms
21: [2, 12, 40, 100, 210, 392, 672, 1080, 1650, 2420, 3432, 4732, 6370, 8400, 10880, 13872, 17442, 21660, 26600, 32340, 38962, 46552] -- Elapsed time: 51989.59 ms
22: [2, 12, 40, 100, 210, 392, 672, 1080, 1650, 2420, 3432, 4732, 6370, 8400, 10880, 13872, 17442, 21660, 26600, 32340, 38962, 46552, 55200] -- Elapsed time: 45087.29 ms
23: [2, 12, 40, 100, 210, 392, 672, 1080, 1650, 2420, 3432, 4732, 6370, 8400, 10880, 13872, 17442, 21660, 26600, 32340, 38962, 46552, 55200, 65000] -- Elapsed time: 65651.918 ms
24: [2, 12, 40, 100, 210, 392, 672, 1080, 1650, 2420, 3432, 4732, 6370, 8400, 10880, 13872, 17442, 21660, 26600, 32340, 38962, 46552, 55200, 65000, 76050] -- Elapsed time: 175948.714 ms
25: [2, 12, 40, 100, 210, 392, 672, 1080, 1650, 2420, 3432, 4732, 6370, 8400, 10880, 13872, 17442, 21660, 26600, 32340, 38962, 46552, 55200, 65000, 76050, 88452] -- Elapsed time: 127520.399 ms
26: [2, 12, 40, 100, 210, 392, 672, 1080, 1650, 2420, 3432, 4732, 6370, 8400, 10880, 13872, 17442, 21660, 26600, 32340, 38962, 46552, 55200, 65000, 76050, 88452, 102312] -- Elapsed time: 182926.457 ms
27: [2, 12, 40, 100, 210, 392, 672, 1080, 1650, 2420, 3432, 4732, 6370, 8400, 10880, 13872, 17442, 21660, 26600, 32340, 38962, 46552, 55200, 65000, 76050, 88452, 102312, 117740] -- Elapsed time: 566151.473 ms28: [2, 12, 40, 100, 210, 392, 672, 1080, 1650, 2420, 3432, 4732, 6370, 8400, 10880, 13872, 17442, 21660, 26600, 32340, 38962, 46552, 55200, 65000, 76050, 88452, 102312, 117740, 134850] -- Elapsed time: 321496.802 ms
29: [2, 12, 40, 100, 210, 392, 672, 1080, 1650, 2420, 3432, 4732, 6370, 8400, 10880, 13872, 17442, 21660, 26600, 32340, 38962, 46552, 55200, 65000, 76050, 88452, 102312, 117740, 134850, 153760] -- Elapsed time: 435606.73 ms
30: [2, 12, 40, 100, 210, 392, 672, 1080, 1650, 2420, 3432, 4732, 6370, 8400, 10880, 13872, 17442, 21660, 26600, 32340, 38962, 46552, 55200, 65000, 76050, 88452, 102312, 117740, 134850, 153760, 174592] -- Elapsed time: 584939.822 ms
Any[-1, -1, -1, -1, -1, -1, -1, -1, -1, 1, 1, -1, 1, 1, 1, 1, 1, 1, 1, 1, 1, 1, 1, 1, 1, 1, 1, 1, 1, 1]
In dimension 5, from the eigenvalue number 8400 to the 195423.0th, I only found finite critical lengths.

################
################
Dimension 6
################
################

Which dimension do you want to study? 6
To which diagnosis eigenvalue do you want to study? 25
01: [2, 14] -- Elapsed time: 35.987 ms
02: [2, 14, 54] -- Elapsed time: 180.077 ms
03: [2, 14, 54, 154] -- Elapsed time: 2.347 ms
04: [2, 14, 54, 154, 364] -- Elapsed time: 3.105 ms
05: [2, 14, 54, 154, 364, 756] -- Elapsed time: 5.273 ms
06: [2, 14, 54, 154, 364, 756, 1428] -- Elapsed time: 15.64 ms
07: [2, 14, 54, 154, 364, 756, 1428, 2508] -- Elapsed time: 48.34 ms
08: [2, 14, 54, 154, 364, 756, 1428, 2508, 4158] -- Elapsed time: 105.618 ms
09: [2, 14, 54, 154, 364, 756, 1428, 2508, 4158, 6578] -- Elapsed time: 272.518 ms
10: [2, 14, 54, 154, 364, 756, 1428, 2508, 4158, 6578, 10010] -- Elapsed time: 676.642 ms
11: [2, 14, 54, 154, 364, 756, 1428, 2508, 4158, 6578, 10010, 14742] -- Elapsed time: 2388.116 ms
12: [2, 14, 54, 154, 364, 756, 1428, 2508, 4158, 6578, 10010, 14742, 21112] -- Elapsed time: 10058.502 ms
13: [2, 14, 54, 154, 364, 756, 1428, 2508, 4158, 6578, 10010, 14742, 21112, 29512] -- Elapsed time: 9863.775 ms
14: [2, 14, 54, 154, 364, 756, 1428, 2508, 4158, 6578, 10010, 14742, 21112, 29512, 40392] -- Elapsed time: 27244.357 ms
15: [2, 14, 54, 154, 364, 756, 1428, 2508, 4158, 6578, 10010, 14742, 21112, 29512, 40392, 54264] -- Elapsed time: 1.792353761e6 ms
16: [2, 14, 54, 154, 364, 756, 1428, 2508, 4158, 6578, 10010, 14742, 21112, 29512, 40392, 54264, 71706] -- Elapsed time: 88546.344 ms
17: [2, 14, 54, 154, 364, 756, 1428, 2508, 4158, 6578, 10010, 14742, 21112, 29512, 40392, 54264, 71706, 93366] -- Elapsed time: 925404.495 ms
18: [2, 14, 54, 154, 364, 756, 1428, 2508, 4158, 6578, 10010, 14742, 21112, 29512, 40392, 54264, 71706, 93366, 119966] -- Elapsed time: 291872.09 ms
19: [2, 14, 54, 154, 364, 756, 1428, 2508, 4158, 6578, 10010, 14742, 21112, 29512, 40392, 54264, 71706, 93366, 119966, 152306] -- Elapsed time: 590405.767 ms
20: [2, 14, 54, 154, 364, 756, 1428, 2508, 4158, 6578, 10010, 14742, 21112, 29512, 40392, 54264, 71706, 93366, 119966, 152306, 191268] -- Elapsed time: 825669.065 ms
21: [2, 14, 54, 154, 364, 756, 1428, 2508, 4158, 6578, 10010, 14742, 21112, 29512, 40392, 54264, 71706, 93366, 119966, 152306, 191268, 237820] -- Elapsed time: 1.660150146e6 ms
22: [2, 14, 54, 154, 364, 756, 1428, 2508, 4158, 6578, 10010, 14742, 21112, 29512, 40392, 54264, 71706, 93366, 119966, 152306, 191268, 237820, 293020] -- Elapsed time: 2.109860936e6 ms
23: [2, 14, 54, 154, 364, 756, 1428, 2508, 4158, 6578, 10010, 14742, 21112, 29512, 40392, 54264, 71706, 93366, 119966, 152306, 191268, 237820, 293020, 358020] -- Elapsed time: 3.34320932e6 ms
24: [2, 14, 54, 154, 364, 756, 1428, 2508, 4158, 6578, 10010, 14742, 21112, 29512, 40392, 54264, 71706, 93366, 119966, 152306, 191268, 237820, 293020, 358020, 434070] -- Elapsed time: 5.87111003e6 ms
25: [2, 14, 54, 154, 364, 756, 1428, 2508, 4158, 6578, 10010, 14742, 21112, 29512, 40392, 54264, 71706, 93366, 119966, 152306, 191268, 237820, 293020, 358020, 434070, 522522] -- Elapsed time: 7.398334102e6 ms
Any[-1, -1, -1, -1, -1, -1, -1, -1, 1, 1, -1, 1, 1, 1, 1, 1, 1, 1, 1, 1, 1, 1, 1, 1, 1]
In dimension 6, from the eigenvalue number 21112 to the 610973.0th, I only found finite critical lengths.